k1=100;
k2=10;
k3=20;
b1=.8;
b2=.9;
b3=.85;
m1=3;
m2=2;
X0=[.05 0 -.02 0];